BeeP-11-2013_NODE_10_length_45562_cov_39_780829 0 500 44.4
BeeP-11-2013_NODE_10_length_45562_cov_39_780829 500 1000 41.2
BeeP-11-2013_NODE_10_length_45562_cov_39_780829 1000 1500 46.6
BeeP-11-2013_NODE_10_length_45562_cov_39_780829 1500 2000 42.8
BeeP-11-2013_NODE_10_length_45562_cov_39_780829 2000 2500 47.6
BeeP-11-2013_NODE_10_length_45562_cov_39_780829 2500 3000 45.2
BeeP-11-2013_NODE_10_length_45562_cov_39_780829 3000 3500 39.4
BeeP-11-2013_NODE_10_length_45562_cov_39_780829 3500 4000 41.4
BeeP-11-2013_NODE_10_length_45562_cov_39_780829 4000 4500 42.6
BeeP-11-2013_NODE_10_length_45562_cov_39_780829 4500 5000 49.4
BeeP-11-2013_NODE_10_length_45562_cov_39_780829 5000 5500 44.0
BeeP-11-2013_NODE_10_length_45562_cov_39_780829 5500 6000 46.6
BeeP-11-2013_NODE_10_length_45562_cov_39_780829 6000 6500 48.2
BeeP-11-2013_NODE_10_length_45562_cov_39_780829 6500 7000 46.8
BeeP-11-2013_NODE_10_length_45562_cov_39_780829 7000 7500 51.0
BeeP-11-2013_NODE_10_length_45562_cov_39_780829 7500 8000 44.6
BeeP-11-2013_NODE_10_length_45562_cov_39_780829 8000 8500 47.0
BeeP-11-2013_NODE_10_length_45562_cov_39_780829 8500 9000 49.8
BeeP-11-2013_NODE_10_length_45562_cov_39_780829 9000 9500 50.2
BeeP-11-2013_NODE_10_length_45562_cov_39_780829 9500 10000 53.2
BeeP-11-2013_NODE_10_length_45562_cov_39_780829 10000 10500 49.4
BeeP-11-2013_NODE_10_length_45562_cov_39_780829 10500 11000 49.4
BeeP-11-2013_NODE_10_length_45562_cov_39_780829 11000 11500 42.8
BeeP-11-2013_NODE_10_length_45562_cov_39_780829 11500 12000 51.8
BeeP-11-2013_NODE_10_length_45562_cov_39_780829 12000 12500 50.6
BeeP-11-2013_NODE_10_length_45562_cov_39_780829 12500 13000 51.4
BeeP-11-2013_NODE_10_length_45562_cov_39_780829 13000 13500 45.0
BeeP-11-2013_NODE_10_length_45562_cov_39_780829 13500 14000 46.6
BeeP-11-2013_NODE_10_length_45562_cov_39_780829 14000 14500 49.4
BeeP-11-2013_NODE_10_length_45562_cov_39_780829 14500 15000 50.4
BeeP-11-2013_NODE_10_length_45562_cov_39_780829 15000 15500 47.2
BeeP-11-2013_NODE_10_length_45562_cov_39_780829 15500 16000 47.4
BeeP-11-2013_NODE_10_length_45562_cov_39_780829 16000 16500 49.0
BeeP-11-2013_NODE_10_length_45562_cov_39_780829 16500 17000 51.0
BeeP-11-2013_NODE_10_length_45562_cov_39_780829 17000 17500 48.8
BeeP-11-2013_NODE_10_length_45562_cov_39_780829 17500 18000 49.8
BeeP-11-2013_NODE_10_length_45562_cov_39_780829 18000 18500 51.2
BeeP-11-2013_NODE_10_length_45562_cov_39_780829 18500 19000 43.6
BeeP-11-2013_NODE_10_length_45562_cov_39_780829 19000 19500 46.6
BeeP-11-2013_NODE_10_length_45562_cov_39_780829 19500 20000 52.6
BeeP-11-2013_NODE_10_length_45562_cov_39_780829 20000 20500 46.8
BeeP-11-2013_NODE_10_length_45562_cov_39_780829 20500 21000 54.2
BeeP-11-2013_NODE_10_length_45562_cov_39_780829 21000 21500 50.6
BeeP-11-2013_NODE_10_length_45562_cov_39_780829 21500 22000 55.2
BeeP-11-2013_NODE_10_length_45562_cov_39_780829 22000 22500 49.4
BeeP-11-2013_NODE_10_length_45562_cov_39_780829 22500 23000 52.2
BeeP-11-2013_NODE_10_length_45562_cov_39_780829 23000 23500 45.2
BeeP-11-2013_NODE_10_length_45562_cov_39_780829 23500 24000 51.6
BeeP-11-2013_NODE_10_length_45562_cov_39_780829 24000 24500 45.6
BeeP-11-2013_NODE_10_length_45562_cov_39_780829 24500 25000 42.8
BeeP-11-2013_NODE_10_length_45562_cov_39_780829 25000 25500 44.0
BeeP-11-2013_NODE_10_length_45562_cov_39_780829 25500 26000 48.0
BeeP-11-2013_NODE_10_length_45562_cov_39_780829 26000 26500 48.2
BeeP-11-2013_NODE_10_length_45562_cov_39_780829 26500 27000 45.4
BeeP-11-2013_NODE_10_length_45562_cov_39_780829 27000 27500 51.2
BeeP-11-2013_NODE_10_length_45562_cov_39_780829 27500 28000 48.6
BeeP-11-2013_NODE_10_length_45562_cov_39_780829 28000 28500 50.4
BeeP-11-2013_NODE_10_length_45562_cov_39_780829 28500 29000 49.8
BeeP-11-2013_NODE_10_length_45562_cov_39_780829 29000 29500 46.0
BeeP-11-2013_NODE_10_length_45562_cov_39_780829 29500 30000 43.4
BeeP-11-2013_NODE_10_length_45562_cov_39_780829 30000 30500 53.8
BeeP-11-2013_NODE_10_length_45562_cov_39_780829 30500 31000 55.4
BeeP-11-2013_NODE_10_length_45562_cov_39_780829 31000 31500 52.2
BeeP-11-2013_NODE_10_length_45562_cov_39_780829 31500 32000 53.4
BeeP-11-2013_NODE_10_length_45562_cov_39_780829 32000 32500 48.6
BeeP-11-2013_NODE_10_length_45562_cov_39_780829 32500 33000 45.0
BeeP-11-2013_NODE_10_length_45562_cov_39_780829 33000 33500 48.6
BeeP-11-2013_NODE_10_length_45562_cov_39_780829 33500 34000 47.8
BeeP-11-2013_NODE_10_length_45562_cov_39_780829 34000 34500 45.2
BeeP-11-2013_NODE_10_length_45562_cov_39_780829 34500 35000 51.2
BeeP-11-2013_NODE_10_length_45562_cov_39_780829 35000 35500 52.0
BeeP-11-2013_NODE_10_length_45562_cov_39_780829 35500 36000 50.6
BeeP-11-2013_NODE_10_length_45562_cov_39_780829 36000 36500 50.4
BeeP-11-2013_NODE_10_length_45562_cov_39_780829 36500 37000 50.4
BeeP-11-2013_NODE_10_length_45562_cov_39_780829 37000 37500 43.2
BeeP-11-2013_NODE_10_length_45562_cov_39_780829 37500 38000 46.4
BeeP-11-2013_NODE_10_length_45562_cov_39_780829 38000 38500 48.2
BeeP-11-2013_NODE_10_length_45562_cov_39_780829 38500 39000 48.4
BeeP-11-2013_NODE_10_length_45562_cov_39_780829 39000 39500 46.4
BeeP-11-2013_NODE_10_length_45562_cov_39_780829 39500 40000 46.0
BeeP-11-2013_NODE_10_length_45562_cov_39_780829 40000 40500 47.8
BeeP-11-2013_NODE_10_length_45562_cov_39_780829 40500 41000 43.4
BeeP-11-2013_NODE_10_length_45562_cov_39_780829 41000 41500 47.8
BeeP-11-2013_NODE_10_length_45562_cov_39_780829 41500 42000 49.2
BeeP-11-2013_NODE_10_length_45562_cov_39_780829 42000 42500 41.0
BeeP-11-2013_NODE_10_length_45562_cov_39_780829 42500 43000 44.4
BeeP-11-2013_NODE_10_length_45562_cov_39_780829 43000 43500 36.8
BeeP-11-2013_NODE_10_length_45562_cov_39_780829 43500 44000 47.8
BeeP-11-2013_NODE_10_length_45562_cov_39_780829 44000 44500 48.8
BeeP-11-2013_NODE_10_length_45562_cov_39_780829 44500 45000 47.2
BeeP-11-2013_NODE_10_length_45562_cov_39_780829 45000 45500 45.6
BeeP-11-2013_NODE_10_length_45562_cov_39_780829 45500 45562 48.4
BeeP-11-2013_NODE_169_length_5958_cov_160_716545 0 500 49.0
BeeP-11-2013_NODE_169_length_5958_cov_160_716545 500 1000 46.6
BeeP-11-2013_NODE_169_length_5958_cov_160_716545 1000 1500 51.8
BeeP-11-2013_NODE_169_length_5958_cov_160_716545 1500 2000 49.8
BeeP-11-2013_NODE_169_length_5958_cov_160_716545 2000 2500 52.6
BeeP-11-2013_NODE_169_length_5958_cov_160_716545 2500 3000 47.8
BeeP-11-2013_NODE_169_length_5958_cov_160_716545 3000 3500 47.0
BeeP-11-2013_NODE_169_length_5958_cov_160_716545 3500 4000 47.0
BeeP-11-2013_NODE_169_length_5958_cov_160_716545 4000 4500 41.2
BeeP-11-2013_NODE_169_length_5958_cov_160_716545 4500 5000 44.8
BeeP-11-2013_NODE_169_length_5958_cov_160_716545 5000 5500 50.4
BeeP-11-2013_NODE_169_length_5958_cov_160_716545 5500 5958 45.9
BeeP-11-2013_NODE_890_length_1940_cov_18_632850 0 500 58.0
BeeP-11-2013_NODE_890_length_1940_cov_18_632850 500 1000 57.2
BeeP-11-2013_NODE_890_length_1940_cov_18_632850 1000 1500 59.0
BeeP-11-2013_NODE_890_length_1940_cov_18_632850 1500 1940 55.2
BeeP-38-2013_NODE_1_length_47472_cov_756_510180 0 500 42.2
BeeP-38-2013_NODE_1_length_47472_cov_756_510180 500 1000 40.0
BeeP-38-2013_NODE_1_length_47472_cov_756_510180 1000 1500 39.8
BeeP-38-2013_NODE_1_length_47472_cov_756_510180 1500 2000 43.8
BeeP-38-2013_NODE_1_length_47472_cov_756_510180 2000 2500 44.4
BeeP-38-2013_NODE_1_length_47472_cov_756_510180 2500 3000 44.4
BeeP-38-2013_NODE_1_length_47472_cov_756_510180 3000 3500 42.8
BeeP-38-2013_NODE_1_length_47472_cov_756_510180 3500 4000 42.4
BeeP-38-2013_NODE_1_length_47472_cov_756_510180 4000 4500 43.2
BeeP-38-2013_NODE_1_length_47472_cov_756_510180 4500 5000 48.6
BeeP-38-2013_NODE_1_length_47472_cov_756_510180 5000 5500 39.2
BeeP-38-2013_NODE_1_length_47472_cov_756_510180 5500 6000 40.0
BeeP-38-2013_NODE_1_length_47472_cov_756_510180 6000 6500 32.0
BeeP-38-2013_NODE_1_length_47472_cov_756_510180 6500 7000 33.8
BeeP-38-2013_NODE_1_length_47472_cov_756_510180 7000 7500 34.4
BeeP-38-2013_NODE_1_length_47472_cov_756_510180 7500 8000 35.0
BeeP-38-2013_NODE_1_length_47472_cov_756_510180 8000 8500 29.0
BeeP-38-2013_NODE_1_length_47472_cov_756_510180 8500 9000 30.0
BeeP-38-2013_NODE_1_length_47472_cov_756_510180 9000 9500 28.6
BeeP-38-2013_NODE_1_length_47472_cov_756_510180 9500 10000 30.0
BeeP-38-2013_NODE_1_length_47472_cov_756_510180 10000 10500 26.8
BeeP-38-2013_NODE_1_length_47472_cov_756_510180 10500 11000 34.2
BeeP-38-2013_NODE_1_length_47472_cov_756_510180 11000 11500 33.8
BeeP-38-2013_NODE_1_length_47472_cov_756_510180 11500 12000 30.8
BeeP-38-2013_NODE_1_length_47472_cov_756_510180 12000 12500 31.8
BeeP-38-2013_NODE_1_length_47472_cov_756_510180 12500 13000 40.0
BeeP-38-2013_NODE_1_length_47472_cov_756_510180 13000 13500 38.8
BeeP-38-2013_NODE_1_length_47472_cov_756_510180 13500 14000 31.8
BeeP-38-2013_NODE_1_length_47472_cov_756_510180 14000 14500 34.6
BeeP-38-2013_NODE_1_length_47472_cov_756_510180 14500 15000 31.6
BeeP-38-2013_NODE_1_length_47472_cov_756_510180 15000 15500 29.6
BeeP-38-2013_NODE_1_length_47472_cov_756_510180 15500 16000 27.0
BeeP-38-2013_NODE_1_length_47472_cov_756_510180 16000 16500 32.4
BeeP-38-2013_NODE_1_length_47472_cov_756_510180 16500 17000 28.6
BeeP-38-2013_NODE_1_length_47472_cov_756_510180 17000 17500 29.6
BeeP-38-2013_NODE_1_length_47472_cov_756_510180 17500 18000 29.0
BeeP-38-2013_NODE_1_length_47472_cov_756_510180 18000 18500 29.6
BeeP-38-2013_NODE_1_length_47472_cov_756_510180 18500 19000 30.6
BeeP-38-2013_NODE_1_length_47472_cov_756_510180 19000 19500 31.6
BeeP-38-2013_NODE_1_length_47472_cov_756_510180 19500 20000 31.8
BeeP-38-2013_NODE_1_length_47472_cov_756_510180 20000 20500 33.8
BeeP-38-2013_NODE_1_length_47472_cov_756_510180 20500 21000 31.0
BeeP-38-2013_NODE_1_length_47472_cov_756_510180 21000 21500 29.8
BeeP-38-2013_NODE_1_length_47472_cov_756_510180 21500 22000 36.4
BeeP-38-2013_NODE_1_length_47472_cov_756_510180 22000 22500 27.8
BeeP-38-2013_NODE_1_length_47472_cov_756_510180 22500 23000 25.8
BeeP-38-2013_NODE_1_length_47472_cov_756_510180 23000 23500 37.0
BeeP-38-2013_NODE_1_length_47472_cov_756_510180 23500 24000 33.4
BeeP-38-2013_NODE_1_length_47472_cov_756_510180 24000 24500 34.6
BeeP-38-2013_NODE_1_length_47472_cov_756_510180 24500 25000 31.0
BeeP-38-2013_NODE_1_length_47472_cov_756_510180 25000 25500 32.8
BeeP-38-2013_NODE_1_length_47472_cov_756_510180 25500 26000 30.2
BeeP-38-2013_NODE_1_length_47472_cov_756_510180 26000 26500 32.0
BeeP-38-2013_NODE_1_length_47472_cov_756_510180 26500 27000 31.6
BeeP-38-2013_NODE_1_length_47472_cov_756_510180 27000 27500 30.6
BeeP-38-2013_NODE_1_length_47472_cov_756_510180 27500 28000 35.4
BeeP-38-2013_NODE_1_length_47472_cov_756_510180 28000 28500 34.0
BeeP-38-2013_NODE_1_length_47472_cov_756_510180 28500 29000 29.6
BeeP-38-2013_NODE_1_length_47472_cov_756_510180 29000 29500 37.8
BeeP-38-2013_NODE_1_length_47472_cov_756_510180 29500 30000 32.8
BeeP-38-2013_NODE_1_length_47472_cov_756_510180 30000 30500 33.8
BeeP-38-2013_NODE_1_length_47472_cov_756_510180 30500 31000 31.4
BeeP-38-2013_NODE_1_length_47472_cov_756_510180 31000 31500 28.6
BeeP-38-2013_NODE_1_length_47472_cov_756_510180 31500 32000 35.4
BeeP-38-2013_NODE_1_length_47472_cov_756_510180 32000 32500 34.0
BeeP-38-2013_NODE_1_length_47472_cov_756_510180 32500 33000 33.4
BeeP-38-2013_NODE_1_length_47472_cov_756_510180 33000 33500 35.4
BeeP-38-2013_NODE_1_length_47472_cov_756_510180 33500 34000 40.6
BeeP-38-2013_NODE_1_length_47472_cov_756_510180 34000 34500 43.4
BeeP-38-2013_NODE_1_length_47472_cov_756_510180 34500 35000 38.0
BeeP-38-2013_NODE_1_length_47472_cov_756_510180 35000 35500 37.4
BeeP-38-2013_NODE_1_length_47472_cov_756_510180 35500 36000 36.0
BeeP-38-2013_NODE_1_length_47472_cov_756_510180 36000 36500 40.0
BeeP-38-2013_NODE_1_length_47472_cov_756_510180 36500 37000 44.6
BeeP-38-2013_NODE_1_length_47472_cov_756_510180 37000 37500 37.8
BeeP-38-2013_NODE_1_length_47472_cov_756_510180 37500 38000 40.4
BeeP-38-2013_NODE_1_length_47472_cov_756_510180 38000 38500 36.4
BeeP-38-2013_NODE_1_length_47472_cov_756_510180 38500 39000 33.0
BeeP-38-2013_NODE_1_length_47472_cov_756_510180 39000 39500 36.2
BeeP-38-2013_NODE_1_length_47472_cov_756_510180 39500 40000 37.4
BeeP-38-2013_NODE_1_length_47472_cov_756_510180 40000 40500 35.2
BeeP-38-2013_NODE_1_length_47472_cov_756_510180 40500 41000 36.2
BeeP-38-2013_NODE_1_length_47472_cov_756_510180 41000 41500 34.2
BeeP-38-2013_NODE_1_length_47472_cov_756_510180 41500 42000 35.6
BeeP-38-2013_NODE_1_length_47472_cov_756_510180 42000 42500 38.0
BeeP-38-2013_NODE_1_length_47472_cov_756_510180 42500 43000 39.4
BeeP-38-2013_NODE_1_length_47472_cov_756_510180 43000 43500 39.4
BeeP-38-2013_NODE_1_length_47472_cov_756_510180 43500 44000 40.4
BeeP-38-2013_NODE_1_length_47472_cov_756_510180 44000 44500 38.6
BeeP-38-2013_NODE_1_length_47472_cov_756_510180 44500 45000 40.8
BeeP-38-2013_NODE_1_length_47472_cov_756_510180 45000 45500 38.0
BeeP-38-2013_NODE_1_length_47472_cov_756_510180 45500 46000 38.0
BeeP-38-2013_NODE_1_length_47472_cov_756_510180 46000 46500 40.6
BeeP-38-2013_NODE_1_length_47472_cov_756_510180 46500 47000 37.8
BeeP-38-2013_NODE_1_length_47472_cov_756_510180 47000 47472 37.9
